-4.000000000000000000e+00 -7.248730626755108819e-01
-3.111111111111111160e+00 -7.497055242778607465e-01
-2.222222222222222321e+00 -8.710222796241336995e-01
-1.333333333333333481e+00 -8.721903131151298449e-01
-4.444444444444446418e-01 -6.440408273180354692e-01
4.444444444444446418e-01 -3.628169206382761414e-01
1.333333333333333037e+00 1.303719380065551103e-01
2.222222222222221433e+00 8.624270785683239016e-01
3.111111111111110716e+00 1.480804788722236420e+00
4.000000000000000000e+00 2.511482764657091860e+00
